   1.1041048051225616E-004   386.09401278266461     
   1.2190474206947263E-004   340.90314544497517     
   1.3459561148613109E-004   343.23990564697851     
   1.4860766139024637E-004   342.16401054620138     
   1.6407843301899743E-004   341.99572456832107     
   1.8115978631325495E-004   341.55385442502455     
   2.0001939056344106E-004   341.02011542937873     
   2.2084237023878140E-004   340.38746170624449     
   2.4383312215529369E-004   339.91745125701220     
   2.6921732181969604E-004   339.41608177722566     
   2.9724413864335261E-004   338.88383851806344     
   3.2818868177064220E-004   338.31918446269322     
   3.6235470052980431E-004   336.86169641510588     
   4.0007756601370334E-004   336.23247625518871     
   4.4172756305746789E-004   335.56816202566864     
   4.8771352492682875E-004   334.86810910143618     
   5.3848684639497279E-004   334.13186723117133     
   5.9454591459998313E-004   333.35921861695891     
   6.5644100117582887E-004   332.55022745353568     
   7.2477966367769586E-004   331.70529124752153     
   8.0023270932165730E-004   330.82520372600032     
   8.8354077957828630E-004   329.91122473959490     
   9.7552162025411817E-004   328.96515974923278     
   1.0770781084235167E-003   327.98944845038591     
   1.1892071150027218E-003   326.98726575018162     
   1.3130092899604415E-003   325.96263713926555     
   1.4496998662158836E-003   324.92056528481459     
   1.6006205882744902E-003   323.86717215490216     
   1.7672528826919612E-003   322.80985938314603     
   1.9512323996468911E-003   321.75748293511498     
   2.1543650683609550E-003   320.72054924624035     
   2.3786448239655218E-003   319.71142753492899     
   2.6262731798202374E-003   318.74458191421070     
   2.8996808374040280E-003   317.83682524804806     
   3.2015515458995976E-003   317.00758529543504     
   3.5348484456753011E-003   316.27919221383144     
   3.9028431542501144E-003   315.67717690382375     
   4.3091478802472381E-003   315.23057297201910     
   4.7577508805646679E-003   314.97222674623458     
   5.2530556088075386E-003   314.93909725222966     
   5.7999239392604153E-003   315.17253371068119     
   6.4037238906827889E-003   315.71852718396474     
   7.0703823183809996E-003   316.62791474638647     
   7.8064430917780519E-003   317.95651976071474     
   8.6191313285479566E-003   319.76521037255844     
   9.5164243158321893E-003   322.11986558507203     
   1.0507129814695487E-002   325.09123274144929     
   1.1600972516451796E-002   328.75466191240213     
   1.2808689499509180E-002   333.18972123362653     
   1.4142135623730958E-002   337.71388728812701     
   1.5614399896856276E-002   343.94344502220423     
   1.7239933955224211E-002   351.20130434598292     
   1.9034693919958642E-002   359.57770698787493     
   2.1016297021063508E-002   368.87714823346505     
   2.3204194526839153E-002   379.76028942046185     
   2.5619862676081705E-002   392.03411019265320     
   2.8287013487241927E-002   404.55141747478854     
   3.1231827513830464E-002   419.84076322464875     
   3.4483210830779175E-002   436.77575109627298     
   3.8073078774317613E-002   455.43648465845888     
   4.2036669220533805E-002   475.89810423699004     
   4.6412888477738973E-002   498.22936179653334     
   5.1244693187889080E-002   522.49080091375288     
   5.6579511985779631E-002   548.73248045664388     
   6.2469711054988740E-002   576.99113283071745     
   6.8973108150430951E-002   607.28674317281195     
   7.6153540133128791E-002   639.61850266799559     
   8.4081489588081176E-002   673.96017363404394     
   9.2834776676062963E-002   710.25495551857932     
  0.10249932301052084        748.41002088532480     
  0.11316999505772540        788.29096743728689     
  0.12495153533893093        829.71653973137632     
  0.13795959057515494        872.45407439713892     
  0.15232184686676956        916.21625560144275     
  0.16817928305074295        957.95421282418113     
  0.18568755453839250        1002.5494005838930     
  0.20501852121729650        1045.8973964745335     
  0.22636193441513849        1089.6299516389531     
  0.24992729948459211        1127.3904779218276     
  0.27594593229224312        1168.0736737488644     
  0.30467322979789041        1206.5156432906349     
  0.33639117701206028        1242.1833044840405     
  0.37141111493984957        1274.5633809441463     
  0.41007679668101482        1303.1684009246844     
  0.45276776168477573        1327.5360217395307     
  0.49990306128074635        1347.2174094424574     
  0.55194537205554994        1361.7576081942273     
  0.60940553745169213        1365.5920440576579     
  0.67284758216870855        1366.5570807477657     
  0.74289424858756803        1355.2313650332808     
  0.82023310956344642        1343.5201681044621     
  0.90562331758962078        1322.7013774352210     
  0.99990305658173328        1291.0744484226057     
   1.1039977694286272        1240.7274664055356     
   1.2189292420707338        1176.2470060719352     
   1.3458256332746978        1093.0074194429326     
   1.4859325485557069        993.93832368260996     
   1.6406252669483656        889.36570196313630     
   0.0000000000000000        0.0000000000000000     
   0.0000000000000000        0.0000000000000000     
   0.0000000000000000        0.0000000000000000     
   0.0000000000000000        0.0000000000000000     
   0.0000000000000000        0.0000000000000000     
   0.0000000000000000        0.0000000000000000     
   0.0000000000000000        0.0000000000000000     
   0.0000000000000000        0.0000000000000000     
   0.0000000000000000        0.0000000000000000     
   0.0000000000000000        0.0000000000000000     
   0.0000000000000000        0.0000000000000000     
   0.0000000000000000        0.0000000000000000     
   0.0000000000000000        0.0000000000000000     
   0.0000000000000000        0.0000000000000000     
   0.0000000000000000        0.0000000000000000     
   0.0000000000000000        0.0000000000000000     
   0.0000000000000000        0.0000000000000000     
   0.0000000000000000        0.0000000000000000     
   0.0000000000000000        0.0000000000000000     
   0.0000000000000000        0.0000000000000000     
   0.0000000000000000        0.0000000000000000     
   0.0000000000000000        0.0000000000000000     
   0.0000000000000000        0.0000000000000000     
   0.0000000000000000        0.0000000000000000     
   0.0000000000000000        0.0000000000000000     
   0.0000000000000000        0.0000000000000000     
   0.0000000000000000        0.0000000000000000     
   0.0000000000000000        0.0000000000000000     
   0.0000000000000000        0.0000000000000000     
   0.0000000000000000        0.0000000000000000     
   0.0000000000000000        0.0000000000000000     
   0.0000000000000000        0.0000000000000000     
   0.0000000000000000        0.0000000000000000     
   0.0000000000000000        0.0000000000000000     
   0.0000000000000000        0.0000000000000000     
   0.0000000000000000        0.0000000000000000     
   0.0000000000000000        0.0000000000000000     
   0.0000000000000000        0.0000000000000000     
   0.0000000000000000        0.0000000000000000     
   0.0000000000000000        0.0000000000000000     
   0.0000000000000000        0.0000000000000000     
   0.0000000000000000        0.0000000000000000     
   0.0000000000000000        0.0000000000000000     
   0.0000000000000000        0.0000000000000000     
   0.0000000000000000        0.0000000000000000     
   0.0000000000000000        0.0000000000000000     
   0.0000000000000000        0.0000000000000000     
   0.0000000000000000        0.0000000000000000     
   0.0000000000000000        0.0000000000000000     
   0.0000000000000000        0.0000000000000000     
   0.0000000000000000        0.0000000000000000     
   0.0000000000000000        0.0000000000000000     
   0.0000000000000000        0.0000000000000000     
   0.0000000000000000        0.0000000000000000     
   0.0000000000000000        0.0000000000000000     
   0.0000000000000000        0.0000000000000000     
   0.0000000000000000        0.0000000000000000     
   0.0000000000000000        0.0000000000000000     
   0.0000000000000000        0.0000000000000000     
   0.0000000000000000        0.0000000000000000     
   0.0000000000000000        0.0000000000000000     
   0.0000000000000000        0.0000000000000000     
   0.0000000000000000        0.0000000000000000     
   0.0000000000000000        0.0000000000000000     
   0.0000000000000000        0.0000000000000000     
   0.0000000000000000        0.0000000000000000     
   0.0000000000000000        0.0000000000000000     
   0.0000000000000000        0.0000000000000000     
   0.0000000000000000        0.0000000000000000     
   0.0000000000000000        0.0000000000000000     
   0.0000000000000000        0.0000000000000000     
   0.0000000000000000        0.0000000000000000     
   0.0000000000000000        0.0000000000000000     
   0.0000000000000000        0.0000000000000000     
   0.0000000000000000        0.0000000000000000     
   0.0000000000000000        0.0000000000000000     
   0.0000000000000000        0.0000000000000000     
   0.0000000000000000        0.0000000000000000     
   0.0000000000000000        0.0000000000000000     
   0.0000000000000000        0.0000000000000000     
   0.0000000000000000        0.0000000000000000     
   0.0000000000000000        0.0000000000000000     
   0.0000000000000000        0.0000000000000000     
   0.0000000000000000        0.0000000000000000     
   0.0000000000000000        0.0000000000000000     
   0.0000000000000000        0.0000000000000000     
   0.0000000000000000        0.0000000000000000     
   0.0000000000000000        0.0000000000000000     
   0.0000000000000000        0.0000000000000000     
   0.0000000000000000        0.0000000000000000     
   0.0000000000000000        0.0000000000000000     
   0.0000000000000000        0.0000000000000000     
   0.0000000000000000        0.0000000000000000     
   0.0000000000000000        0.0000000000000000     
   0.0000000000000000        0.0000000000000000     
   0.0000000000000000        0.0000000000000000     
   0.0000000000000000        0.0000000000000000     
   0.0000000000000000        0.0000000000000000     
   0.0000000000000000        0.0000000000000000     
   0.0000000000000000        0.0000000000000000     
   0.0000000000000000        0.0000000000000000     
   0.0000000000000000        0.0000000000000000     
