# R(kpc)    v_z(km/s)    err_vz(km/s)
# 
1139.98    372.9    50.0
2510.16    1358.3    50.0
1328.60    -67.7    50.0
4591.78    995.3    50.0
1037.25    881.4    50.0
579.34    988.1    50.0
1635.13    23.5    50.0
1996.25    877.5    50.0
2217.56    -68.7    50.0
1715.86    625.2    50.0
1171.67    -195.7    50.0
2710.66    -1074.2    50.0
2035.90    -541.4    50.0
1290.09    -1571.0    50.0
490.93    1546.9    50.0
499.73    -1972.7    50.0
568.98    -1168.7    50.0
508.54    -261.0    50.0
1720.84    7.0    50.0
1957.84    175.1    50.0
343.91    944.9    50.0
891.63    739.2    50.0
2123.48    347.8    50.0
235.28    -2359.2    50.0
1814.24    -1050.4    50.0
752.03    -1509.5    50.0
974.09    -930.2    50.0
725.12    704.8    50.0
743.43    -1000.1    50.0
2605.89    88.3    50.0
1594.18    -855.8    50.0
1847.62    295.1    50.0
186.14    -586.1    50.0
495.46    1786.1    50.0
2010.10    153.4    50.0
111.98    -139.4    50.0
145.05    -164.0    50.0
840.85    677.4    50.0
1189.83    -742.1    50.0
1907.46    122.1    50.0
262.77    -64.8    50.0
1170.66    -711.8    50.0
571.27    1397.7    50.0
2053.77    532.5    50.0
2387.03    341.9    50.0
687.94    329.7    50.0
741.54    239.5    50.0
36.54    -180.4    50.0
421.21    179.5    50.0
1759.56    682.1    50.0
420.21    -599.3    50.0
2302.93    -523.8    50.0
2018.75    45.9    50.0
1647.15    -943.5    50.0
1498.28    348.9    50.0
508.21    -28.0    50.0
1962.48    384.9    50.0
1596.48    385.7    50.0
1640.68    49.4    50.0
2073.78    69.6    50.0
344.19    83.9    50.0
1087.50    -703.4    50.0
388.51    -1046.1    50.0
1094.28    342.8    50.0
2048.10    897.8    50.0
45.85    -1151.0    50.0
2896.80    1036.2    50.0
405.49    538.5    50.0
463.27    -960.4    50.0
1051.12    -374.4    50.0
429.29    1441.2    50.0
2817.27    -318.8    50.0
1704.58    -129.7    50.0
1502.57    982.2    50.0
877.48    -20.5    50.0
131.00    -2249.2    50.0
2928.24    -1132.5    50.0
500.54    1060.1    50.0
853.17    -1171.5    50.0
180.83    1177.4    50.0
1385.61    -870.2    50.0
1245.28    470.1    50.0
2577.99    601.2    50.0
1200.41    618.5    50.0
1597.97    -618.5    50.0
328.52    500.7    50.0
196.91    689.9    50.0
1783.24    -1033.2    50.0
2050.80    -650.1    50.0
1577.59    -191.1    50.0
455.43    -178.2    50.0
2656.05    936.8    50.0
4038.85    -459.1    50.0
2210.91    226.1    50.0
1206.07    -704.2    50.0
1573.62    -1341.9    50.0
2107.39    523.1    50.0
687.33    -1113.1    50.0
3130.62    -362.5    50.0
95.99    -272.4    50.0
2571.21    -1035.0    50.0
23.08    217.2    50.0
1172.98    484.0    50.0
1244.96    1240.3    50.0
2526.15    -144.1    50.0
1351.19    429.7    50.0
241.81    840.0    50.0
1800.51    50.2    50.0
957.20    -1312.3    50.0
2956.52    -43.6    50.0
326.72    1222.9    50.0
248.53    -397.7    50.0
1944.50    1108.2    50.0
2265.11    -1860.3    50.0
1134.32    -1403.1    50.0
1924.30    411.2    50.0
73.51    2460.0    50.0
994.63    654.7    50.0
2083.20    -761.9    50.0
343.48    -132.0    50.0
568.76    -1545.7    50.0
1279.82    -92.0    50.0
1384.79    640.8    50.0
1092.19    -66.0    50.0
189.52    -131.0    50.0
1305.57    594.2    50.0
1777.61    -552.0    50.0
850.13    587.4    50.0
1398.82    1767.5    50.0
532.94    -82.7    50.0
3203.90    492.1    50.0
1347.10    133.4    50.0
1165.46    -331.0    50.0
2970.93    739.5    50.0
1840.61    1154.1    50.0
772.77    953.8    50.0
405.69    619.3    50.0
412.70    108.9    50.0
1807.74    -39.1    50.0
370.63    -601.3    50.0
2326.83    92.5    50.0
4074.22    -370.9    50.0
88.97    1049.3    50.0
877.78    1192.4    50.0
2014.03    -612.9    50.0
403.33    -1296.9    50.0
1869.34    1234.6    50.0
638.13    218.4    50.0
2846.09    -1134.8    50.0
1077.57    -1385.7    50.0
286.56    271.3    50.0
768.24    269.4    50.0
1153.00    -180.8    50.0
579.23    488.1    50.0
4396.96    401.0    50.0
281.43    -1247.0    50.0
1270.82    794.0    50.0
1312.55    -775.5    50.0
1980.48    331.0    50.0
491.29    -1525.6    50.0
1503.55    -409.9    50.0
564.52    915.9    50.0
1638.10    539.5    50.0
318.17    -391.3    50.0
420.21    1446.1    50.0
4381.63    -583.8    50.0
1749.35    381.3    50.0
781.21    636.3    50.0
366.04    -807.4    50.0
255.76    -2325.5    50.0
628.46    167.2    50.0
1086.26    0.1    50.0
423.61    747.6    50.0
2641.16    -718.6    50.0
1651.33    1366.2    50.0
741.73    -1084.6    50.0
1249.77    322.8    50.0
2583.17    -330.0    50.0
652.18    -273.5    50.0
206.55    282.8    50.0
768.96    -835.7    50.0
185.01    1140.6    50.0
1121.75    -1183.5    50.0
1926.34    -851.6    50.0
713.04    -919.1    50.0
330.51    733.0    50.0
633.37    -1049.2    50.0
2566.34    -447.2    50.0
1440.38    987.3    50.0
265.27    -587.4    50.0
1705.10    -1041.1    50.0
2752.76    962.5    50.0
1941.34    -526.6    50.0
1527.18    -568.0    50.0
2298.03    961.8    50.0
954.27    117.9    50.0
1008.25    619.0    50.0
663.62    -956.0    50.0
1611.19    7.3    50.0
1195.02    1670.6    50.0
305.35    545.2    50.0
1422.88    -942.5    50.0
1907.85    -1653.2    50.0
896.78    -75.2    50.0
1021.03    -2007.5    50.0
736.40    -1762.6    50.0
2135.24    189.9    50.0
1424.05    -33.6    50.0
327.13    38.6    50.0
2471.54    -1351.4    50.0
1963.79    749.5    50.0
565.53    -284.6    50.0
78.59    -283.6    50.0
1073.68    1211.1    50.0
1103.55    258.1    50.0
944.78    49.7    50.0
2144.59    -1467.8    50.0
139.92    747.2    50.0
2620.90    184.7    50.0
1381.98    698.0    50.0
1757.32    -1477.9    50.0
820.27    800.3    50.0
892.67    2160.9    50.0
1466.33    -899.3    50.0
755.61    -1883.0    50.0
1118.06    338.3    50.0
575.09    1341.9    50.0
312.61    588.8    50.0
2857.84    -1458.2    50.0
1665.75    -104.0    50.0
1111.36    -165.0    50.0
2646.20    -338.8    50.0
380.83    -933.3    50.0
1778.53    166.2    50.0
2476.89    1478.9    50.0
4901.29    -442.4    50.0
656.88    509.1    50.0
2454.55    -1211.0    50.0
1020.19    -835.0    50.0
510.42    -208.8    50.0
2731.54    748.8    50.0
1251.22    -2152.8    50.0
1347.59    -1067.7    50.0
339.75    2440.7    50.0
2221.87    -271.8    50.0
1050.82    119.5    50.0
1392.61    29.8    50.0
352.85    -885.5    50.0
2377.20    406.4    50.0
453.36    1604.9    50.0
2741.41    -782.9    50.0
158.11    -488.0    50.0
2427.32    1385.6    50.0
672.76    -29.1    50.0
68.76    -861.4    50.0
134.02    -1827.7    50.0
388.47    40.7    50.0
1584.74    1021.3    50.0
1143.89    -1637.2    50.0
2848.55    -1729.3    50.0
1695.45    59.1    50.0
598.94    -1235.8    50.0
1401.03    -2053.9    50.0
3360.30    -817.0    50.0
211.45    -561.1    50.0
314.02    -829.4    50.0
50.58    -147.5    50.0
71.27    -48.6    50.0
1991.26    -235.2    50.0
2089.97    -404.0    50.0
399.23    483.5    50.0
1368.67    -276.8    50.0
933.71    1258.8    50.0
1241.63    382.0    50.0
1688.77    438.8    50.0
1834.70    -668.6    50.0
503.69    577.2    50.0
2477.60    145.2    50.0
253.87    -1312.1    50.0
1689.56    228.6    50.0
2395.97    -824.0    50.0
2476.03    -337.1    50.0
1029.55    1262.5    50.0
145.59    -1362.7    50.0
67.05    718.7    50.0
1048.15    276.8    50.0
493.79    -378.3    50.0
792.89    -1002.1    50.0
1347.35    698.6    50.0
2171.55    697.5    50.0
1136.85    895.8    50.0
380.07    39.2    50.0
1419.99    929.8    50.0
1700.48    -593.1    50.0
855.69    575.6    50.0
1511.35    1137.0    50.0
484.38    -282.7    50.0
2834.13    -1278.7    50.0
5078.66    212.8    50.0
52.93    -61.4    50.0
850.72    459.9    50.0
261.96    -1660.4    50.0
272.11    -1694.8    50.0
1417.41    627.9    50.0
3290.82    -923.2    50.0
1369.56    -995.2    50.0
893.77    -1067.5    50.0
25.90    1069.4    50.0
1528.68    34.6    50.0
1253.03    -129.8    50.0
4009.57    995.8    50.0
901.30    170.1    50.0
3911.02    -660.6    50.0
418.09    2486.7    50.0
2347.38    365.1    50.0
216.47    -1070.8    50.0
1326.69    1716.9    50.0
2910.26    654.8    50.0
2567.87    -1297.2    50.0
801.24    605.0    50.0
618.10    -1113.0    50.0
364.85    -1447.5    50.0
3546.60    711.9    50.0
192.94    667.2    50.0
631.23    -48.2    50.0
4131.21    297.8    50.0
827.47    420.2    50.0
287.02    799.0    50.0
428.39    -1261.2    50.0
6173.61    271.5    50.0
2186.92    -268.1    50.0
2286.05    501.8    50.0
1912.80    -1379.2    50.0
1403.70    -1386.5    50.0
4538.77    269.4    50.0
1126.29    1129.7    50.0
1530.52    -1457.0    50.0
32.36    584.6    50.0
700.88    665.9    50.0
2497.52    -550.7    50.0
223.98    1360.3    50.0
2028.86    -170.3    50.0
88.35    -282.9    50.0
918.11    -722.7    50.0
2226.20    192.0    50.0
773.15    -219.0    50.0
380.10    -35.9    50.0
2006.07    -135.8    50.0
1506.33    -382.0    50.0
1398.86    792.9    50.0
651.37    -1980.1    50.0
310.37    -178.3    50.0
1000.19    562.0    50.0
714.47    -1077.7    50.0
1074.89    -46.5    50.0
1541.38    -284.7    50.0
1434.34    -1554.9    50.0
656.74    -1379.1    50.0
1942.35    1034.9    50.0
1587.25    629.9    50.0
1551.25    -143.7    50.0
897.04    -2017.6    50.0
1490.60    -637.3    50.0
904.88    17.4    50.0
1371.29    -392.4    50.0
1353.19    1113.4    50.0
1044.04    -1232.1    50.0
1909.83    -21.4    50.0
748.89    -572.5    50.0
749.74    1585.6    50.0
363.01    -1618.2    50.0
270.05    2945.8    50.0
219.06    190.7    50.0
898.06    645.0    50.0
1934.66    941.8    50.0
1469.50    294.5    50.0
197.93    51.9    50.0
1112.03    1141.2    50.0
1027.84    1904.7    50.0
2205.30    845.6    50.0
857.64    530.7    50.0
3889.77    872.0    50.0
2342.05    -27.9    50.0
1021.28    -1020.3    50.0
1205.56    452.4    50.0
562.42    1035.1    50.0
1104.25    -355.9    50.0
1789.05    -1003.6    50.0
2345.69    -1035.4    50.0
4977.79    391.9    50.0
2857.13    -1203.4    50.0
2468.46    -394.3    50.0
2725.71    105.6    50.0
419.94    1078.0    50.0
1456.60    1429.1    50.0
2181.35    -435.6    50.0
2988.08    408.5    50.0
599.86    46.6    50.0
1481.33    459.0    50.0
638.99    652.6    50.0
107.01    2846.8    50.0
427.96    1217.6    50.0
525.88    1223.4    50.0
585.88    -1527.7    50.0
4858.39    -680.4    50.0
1845.48    767.5    50.0
2131.24    -471.4    50.0
284.23    426.9    50.0
1553.56    863.0    50.0
1698.52    -301.6    50.0
855.34    -1399.1    50.0
4436.58    287.1    50.0
529.31    1536.3    50.0
1775.39    -2214.1    50.0
1078.76    -1215.9    50.0
616.37    -1277.1    50.0
1190.69    -8.3    50.0
1403.71    305.3    50.0
1602.55    -678.3    50.0
1716.12    370.5    50.0
1464.88    -1197.7    50.0
476.08    322.0    50.0
1087.58    -512.1    50.0
3284.01    431.4    50.0
1673.78    141.2    50.0
1204.20    1345.7    50.0
4937.94    -88.3    50.0
4822.66    -615.0    50.0
1743.59    -859.8    50.0
1555.94    -952.3    50.0
1136.75    1366.4    50.0
302.20    1270.2    50.0
4530.39    -458.6    50.0
1768.07    -664.6    50.0
960.09    251.9    50.0
5221.78    113.7    50.0
379.32    -496.4    50.0
641.75    626.2    50.0
2764.65    -14.0    50.0
234.79    930.0    50.0
2072.28    473.7    50.0
2516.94    -85.5    50.0
886.80    -690.1    50.0
164.19    -746.1    50.0
226.74    -717.8    50.0
773.74    -507.2    50.0
1066.50    -1207.1    50.0
1911.86    278.3    50.0
1927.71    1488.5    50.0
2220.68    49.3    50.0
2287.94    879.8    50.0
1060.39    4.3    50.0
766.01    -946.9    50.0
618.39    321.3    50.0
508.17    731.9    50.0
1320.00    140.5    50.0
352.71    -1247.3    50.0
226.08    -62.5    50.0
2303.19    289.1    50.0
749.98    -1182.9    50.0
3217.97    951.3    50.0
2484.19    430.1    50.0
1722.22    1033.0    50.0
1886.16    715.1    50.0
795.91    93.6    50.0
1230.50    -85.7    50.0
2227.35    -334.1    50.0
1804.92    1038.9    50.0
162.31    -670.7    50.0
1117.12    1480.0    50.0
392.98    746.7    50.0
912.67    837.8    50.0
758.90    291.8    50.0
533.90    114.0    50.0
1696.84    -597.8    50.0
882.41    15.2    50.0
2270.95    312.7    50.0
218.26    510.6    50.0
411.81    -802.4    50.0
1918.41    356.9    50.0
1728.85    -930.5    50.0
356.06    -981.3    50.0
826.00    1107.2    50.0
2739.46    -1387.4    50.0
2405.29    1312.9    50.0
383.83    1939.2    50.0
1998.36    146.7    50.0
1567.86    748.1    50.0
1926.49    84.8    50.0
2627.04    1546.7    50.0
4905.05    -638.0    50.0
159.65    -121.0    50.0
77.47    616.6    50.0
1845.45    690.8    50.0
1945.61    -1356.2    50.0
1501.81    -158.2    50.0
1144.25    794.9    50.0
599.15    1152.9    50.0
1352.59    -790.2    50.0
1047.01    706.1    50.0
907.60    636.7    50.0
1341.86    424.7    50.0
935.14    -127.1    50.0
1558.72    -564.2    50.0
2248.84    418.1    50.0
72.91    -2015.6    50.0
248.53    1075.5    50.0
4515.13    934.3    50.0
1510.75    178.4    50.0
1366.18    1063.6    50.0
226.54    -1145.4    50.0
1224.20    177.0    50.0
1858.85    -279.4    50.0
1714.83    1126.0    50.0
314.85    128.3    50.0
2531.32    252.9    50.0
746.35    252.4    50.0
2810.18    96.8    50.0
3259.20    -523.0    50.0
1200.66    -261.0    50.0
2336.42    -1050.9    50.0
1091.05    -199.6    50.0
2977.71    -773.5    50.0
1081.85    -70.2    50.0
744.48    -385.8    50.0
1381.39    197.5    50.0
870.39    939.2    50.0
1569.69    -803.4    50.0
3102.92    -519.5    50.0
338.47    1730.7    50.0
2124.17    933.1    50.0
1853.73    1395.9    50.0
2072.10    218.9    50.0
257.75    661.2    50.0
631.29    -1761.0    50.0
1345.59    -1186.3    50.0
655.07    -1088.3    50.0
569.77    -1147.9    50.0
1722.38    16.0    50.0
2551.71    606.6    50.0
512.94    -977.4    50.0
2849.60    883.8    50.0
2383.85    819.2    50.0
1678.51    -195.0    50.0
880.63    -133.7    50.0
300.73    -392.1    50.0
2427.18    104.3    50.0
1587.55    -1.2    50.0
3527.00    493.2    50.0
328.15    -191.8    50.0
754.93    -518.7    50.0
826.34    -426.7    50.0
340.91    865.8    50.0
1551.13    -732.3    50.0
197.21    844.6    50.0
231.11    -1213.0    50.0
1593.77    -591.4    50.0
484.61    1821.6    50.0
1509.59    94.1    50.0
1163.67    -1744.1    50.0
496.32    -830.6    50.0
474.72    1733.8    50.0
186.98    843.0    50.0
971.89    -823.9    50.0
2995.66    1129.0    50.0
365.58    -735.5    50.0
1018.20    562.2    50.0
1693.62    1091.1    50.0
312.38    993.6    50.0
1635.38    -619.2    50.0
707.40    -169.5    50.0
1294.96    628.2    50.0
912.26    604.7    50.0
495.25    -611.2    50.0
1005.89    803.1    50.0
1979.52    -523.7    50.0
174.04    -74.5    50.0
569.78    539.3    50.0
975.21    1060.0    50.0
1323.31    -908.0    50.0
751.49    -62.8    50.0
375.47    1691.7    50.0
216.74    -639.6    50.0
622.22    -2417.4    50.0
305.59    -2100.5    50.0
2121.14    598.7    50.0
428.17    -300.5    50.0
1058.65    665.8    50.0
175.64    -1606.3    50.0
2795.61    -1167.7    50.0
913.96    -502.2    50.0
4383.81    545.8    50.0
1152.19    1286.3    50.0
773.77    1204.2    50.0
2384.45    569.2    50.0
2470.71    734.3    50.0
1038.00    804.5    50.0
1246.02    -95.2    50.0
2211.40    -44.9    50.0
617.36    -707.0    50.0
1561.33    1223.4    50.0
2400.61    -386.0    50.0
1140.11    1456.3    50.0
521.33    614.1    50.0
1259.55    98.6    50.0
3240.94    168.2    50.0
1714.58    182.5    50.0
708.39    548.7    50.0
509.51    -794.3    50.0
2378.66    871.8    50.0
512.85    1047.6    50.0
533.43    -1993.8    50.0
1649.68    34.1    50.0
1677.86    58.4    50.0
356.32    815.7    50.0
1611.26    -1602.6    50.0
1342.07    474.0    50.0
812.80    -1693.9    50.0
1128.28    -643.3    50.0
1286.81    -809.6    50.0
1137.48    -502.7    50.0
582.68    -406.2    50.0
2039.75    -86.8    50.0
851.27    -166.8    50.0
1261.97    112.5    50.0
2403.44    69.2    50.0
198.72    -735.4    50.0
648.02    -1156.8    50.0
470.26    -343.4    50.0
1094.72    -188.7    50.0
378.38    -394.1    50.0
2472.64    50.8    50.0
369.92    1777.4    50.0
2118.11    -716.4    50.0
3855.09    -311.8    50.0
786.17    77.1    50.0
670.62    1241.3    50.0
1084.25    -929.2    50.0
283.24    -768.0    50.0
29.83    156.1    50.0
1542.90    -378.6    50.0
1940.68    1123.9    50.0
1181.22    1333.0    50.0
401.69    112.2    50.0
1032.22    29.3    50.0
815.67    -1095.8    50.0
1984.96    -420.8    50.0
3073.54    -901.6    50.0
754.98    -1081.7    50.0
1449.12    1633.0    50.0
1496.33    -1742.9    50.0
440.89    -2485.1    50.0
1152.40    -530.3    50.0
770.25    -1381.1    50.0
1976.60    1246.2    50.0
1031.03    -715.3    50.0
374.84    -31.9    50.0
2895.54    -35.3    50.0
1830.65    -63.8    50.0
1232.80    624.0    50.0
1313.76    647.2    50.0
620.39    809.7    50.0
2337.38    -1896.5    50.0
2568.72    -953.5    50.0
1938.09    477.8    50.0
1812.94    194.6    50.0
477.53    -2604.1    50.0
482.67    97.1    50.0
285.85    358.3    50.0
4303.17    332.8    50.0
2224.45    1069.3    50.0
1471.53    -117.3    50.0
1179.75    1112.0    50.0
429.62    -1644.0    50.0
4179.26    283.3    50.0
4535.58    -417.2    50.0
960.75    -1935.0    50.0
563.84    -1273.7    50.0
998.94    250.2    50.0
1823.05    -1514.3    50.0
1471.76    -1522.7    50.0
1965.47    230.9    50.0
130.51    -154.5    50.0
2801.40    -41.7    50.0
1674.90    154.1    50.0
2549.89    -147.7    50.0
2745.62    814.1    50.0
3297.99    -442.6    50.0
4270.16    1006.2    50.0
414.26    -798.9    50.0
151.81    -867.7    50.0
1635.41    -2008.5    50.0
5031.81    780.7    50.0
2637.17    275.0    50.0
680.57    1050.2    50.0
1993.00    1138.4    50.0
2751.27    -1164.1    50.0
3092.54    540.1    50.0
1310.62    514.7    50.0
529.72    92.5    50.0
2604.65    -122.8    50.0
1941.68    703.5    50.0
1286.68    -144.5    50.0
1443.81    1863.1    50.0
288.61    -286.4    50.0
1650.40    566.9    50.0
1077.51    721.1    50.0
1935.41    1273.3    50.0
767.23    165.3    50.0
287.14    382.7    50.0
1880.01    700.1    50.0
964.09    -1202.3    50.0
2437.87    -409.2    50.0
1609.19    -521.6    50.0
5225.26    917.8    50.0
435.05    1652.1    50.0
285.29    1124.1    50.0
1558.57    -896.6    50.0
531.21    -646.7    50.0
589.36    449.8    50.0
168.07    -2310.4    50.0
1061.75    845.0    50.0
179.42    2404.7    50.0
1050.09    -439.4    50.0
6528.48    61.6    50.0
1287.27    -301.9    50.0
1512.28    935.0    50.0
2978.30    -452.9    50.0
5333.29    -316.6    50.0
983.21    715.0    50.0
1908.74    -45.5    50.0
1464.45    274.0    50.0
120.04    284.0    50.0
920.28    1441.3    50.0
1406.62    331.2    50.0
2114.55    364.4    50.0
1389.89    -498.0    50.0
2363.62    -1512.5    50.0
1814.04    -1414.5    50.0
652.99    882.9    50.0
1262.10    -942.3    50.0
3436.13    305.1    50.0
1040.42    443.2    50.0
2054.62    775.7    50.0
919.83    -1472.2    50.0
357.39    1876.8    50.0
2004.83    925.6    50.0
368.05    2752.5    50.0
2056.53    -74.4    50.0
1879.06    324.2    50.0
2009.68    1373.7    50.0
2734.32    215.6    50.0
1295.66    615.2    50.0
565.91    2351.5    50.0
68.51    106.0    50.0
2689.18    -1604.3    50.0
1093.16    -380.9    50.0
534.95    -644.5    50.0
1762.86    -653.8    50.0
1511.03    -564.0    50.0
353.24    1801.8    50.0
1433.45    -763.1    50.0
1587.43    473.9    50.0
385.25    1625.2    50.0
518.19    111.7    50.0
538.89    -894.4    50.0
2873.45    -800.9    50.0
1173.77    663.0    50.0
89.73    1412.6    50.0
2106.59    488.6    50.0
1007.38    -2062.0    50.0
317.38    690.9    50.0
428.84    -1806.3    50.0
2426.74    1184.8    50.0
1402.75    354.6    50.0
3077.60    305.7    50.0
1841.45    617.5    50.0
1035.05    -1830.4    50.0
604.39    616.9    50.0
1703.69    -710.1    50.0
2092.15    526.9    50.0
2215.67    -2062.3    50.0
292.98    493.0    50.0
461.70    1186.9    50.0
813.38    1173.0    50.0
396.28    -15.1    50.0
1358.26    -168.8    50.0
896.77    701.3    50.0
927.13    -1094.8    50.0
2213.10    -295.1    50.0
588.27    -1383.6    50.0
1758.28    -276.0    50.0
698.12    1109.7    50.0
3355.23    734.8    50.0
895.34    -388.1    50.0
1035.00    364.5    50.0
101.86    1380.3    50.0
2029.31    874.9    50.0
2444.84    1571.1    50.0
3545.32    -1239.2    50.0
2224.86    -1271.9    50.0
1875.79    -9.2    50.0
2490.21    310.2    50.0
170.87    -561.6    50.0
548.17    -108.6    50.0
703.44    403.5    50.0
1935.80    894.8    50.0
877.97    -143.5    50.0
2679.88    905.3    50.0
342.81    1521.1    50.0
467.74    1410.1    50.0
2176.00    529.0    50.0
509.36    933.7    50.0
1400.91    351.9    50.0
862.46    122.8    50.0
1060.43    1276.5    50.0
2781.05    509.6    50.0
882.72    879.1    50.0
942.77    8.0    50.0
984.31    -1070.1    50.0
2231.81    -160.8    50.0
2400.40    -921.8    50.0
2574.86    -105.7    50.0
865.47    1424.1    50.0
749.03    -52.2    50.0
2085.30    427.0    50.0
406.68    678.0    50.0
1186.59    -47.9    50.0
1923.90    1640.9    50.0
556.67    33.3    50.0
1885.31    2119.0    50.0
1013.99    666.6    50.0
1767.03    633.5    50.0
248.14    -612.2    50.0
361.97    904.8    50.0
538.70    -1175.5    50.0
1475.28    394.1    50.0
1041.35    584.7    50.0
1221.60    183.6    50.0
195.54    952.3    50.0
991.63    1140.4    50.0
1627.77    -1040.3    50.0
1960.38    -405.8    50.0
488.91    -1187.5    50.0
402.43    974.8    50.0
1743.29    -613.8    50.0
1699.29    -615.7    50.0
1064.69    885.1    50.0
884.45    119.3    50.0
1121.97    -1165.9    50.0
1956.18    77.4    50.0
2418.65    -49.6    50.0
3657.42    -49.5    50.0
2461.64    152.0    50.0
90.17    54.0    50.0
1633.80    -618.6    50.0
2816.93    -659.9    50.0
1869.07    -504.6    50.0
2089.21    1526.2    50.0
1525.02    -803.3    50.0
2514.72    -563.1    50.0
574.13    -171.8    50.0
786.84    327.2    50.0
1554.77    1397.7    50.0
2095.13    -87.0    50.0
707.82    1771.2    50.0
101.75    254.5    50.0
390.02    -192.5    50.0
936.70    -1031.4    50.0
3343.11    -188.9    50.0
2686.25    312.0    50.0
3088.64    -494.2    50.0
2755.43    238.7    50.0
2170.71    464.1    50.0
981.98    666.6    50.0
1214.93    784.9    50.0
1691.43    475.9    50.0
2454.07    -1062.3    50.0
608.61    51.2    50.0
2525.97    243.1    50.0
380.82    197.4    50.0
41.43    -2469.3    50.0
242.29    434.5    50.0
183.34    -2018.4    50.0
627.86    170.0    50.0
1041.55    -575.5    50.0
102.38    -43.6    50.0
115.49    -180.5    50.0
441.39    1751.7    50.0
1006.10    741.7    50.0
1983.67    -239.6    50.0
3216.80    -1322.3    50.0
1910.50    414.8    50.0
1478.00    -89.5    50.0
2374.33    -98.9    50.0
262.46    812.4    50.0
639.63    -1326.4    50.0
2014.22    201.0    50.0
1898.81    -205.0    50.0
595.46    1853.0    50.0
1003.29    682.6    50.0
734.40    853.7    50.0
1175.64    -286.1    50.0
1850.01    366.0    50.0
1255.25    36.2    50.0
3429.13    -1270.8    50.0
202.24    814.8    50.0
1521.11    1153.1    50.0
1130.37    690.7    50.0
204.61    -722.6    50.0
2430.06    -1789.1    50.0
1082.68    -146.5    50.0
1899.85    124.6    50.0
855.09    1456.0    50.0
1331.93    279.5    50.0
419.52    -89.6    50.0
877.56    -709.3    50.0
2230.80    366.6    50.0
1537.92    26.5    50.0
1038.20    -482.0    50.0
454.15    -796.6    50.0
2494.32    361.0    50.0
2240.41    767.5    50.0
1383.06    429.2    50.0
89.99    -1625.2    50.0
532.71    652.9    50.0
471.70    -62.4    50.0
660.34    1067.8    50.0
3318.19    -554.2    50.0
263.52    -494.3    50.0
702.26    776.3    50.0
930.29    -387.4    50.0
2357.06    845.9    50.0
1330.90    -611.3    50.0
1547.11    1375.9    50.0
98.04    -785.5    50.0
89.99    2087.7    50.0
2336.27    1387.6    50.0
4873.97    -272.8    50.0
1745.29    1035.3    50.0
3069.05    -1123.0    50.0
1411.40    -1182.6    50.0
1395.94    137.8    50.0
1314.71    40.5    50.0
1259.51    -1413.6    50.0
4686.26    -419.1    50.0
1319.72    456.1    50.0
1154.38    -363.5    50.0
5033.52    766.7    50.0
266.81    -979.7    50.0
2996.78    292.9    50.0
1800.31    24.8    50.0
326.88    -1395.2    50.0
854.35    321.2    50.0
265.63    -719.9    50.0
2916.27    185.1    50.0
1406.77    -240.9    50.0
1247.60    -1388.4    50.0
1928.07    -367.1    50.0
1698.49    608.6    50.0
2084.17    -209.7    50.0
1078.34    -1375.0    50.0
2292.50    638.3    50.0
846.37    -387.1    50.0
143.24    -2404.0    50.0
2883.74    600.0    50.0
1560.28    485.1    50.0
2469.33    -92.3    50.0
1477.12    -354.1    50.0
1522.21    466.8    50.0
502.68    749.3    50.0
716.78    -651.0    50.0
2171.58    203.9    50.0
612.00    -1127.4    50.0
924.95    -432.8    50.0
262.02    -69.9    50.0
2053.85    303.6    50.0
2042.52    1641.2    50.0
689.40    -531.3    50.0
646.93    504.3    50.0
1172.57    -319.2    50.0
162.39    -1671.3    50.0
4942.01    -846.0    50.0
1126.77    -879.0    50.0
2214.04    -213.0    50.0
1589.26    -1484.4    50.0
1134.65    262.6    50.0
1668.01    -1059.6    50.0
1767.62    88.2    50.0
1672.70    -131.2    50.0
1667.07    -1530.4    50.0
565.10    -1691.2    50.0
600.34    -510.0    50.0
1556.97    -457.3    50.0
2255.35    237.7    50.0
1921.76    -245.0    50.0
1839.11    -1829.3    50.0
1497.12    -292.9    50.0
5737.53    451.1    50.0
217.58    742.9    50.0
1876.46    -2180.3    50.0
755.32    210.7    50.0
2449.34    718.2    50.0
2269.47    847.4    50.0
1764.60    -736.2    50.0
1204.58    1703.6    50.0
850.93    739.3    50.0
398.72    -2828.4    50.0
1832.03    374.0    50.0
654.51    962.2    50.0
1970.66    1396.0    50.0
872.32    -1263.4    50.0
495.88    133.3    50.0
1267.80    -747.5    50.0
663.93    1019.5    50.0
1839.98    911.0    50.0
1757.64    528.3    50.0
229.12    1817.1    50.0
8777.59    733.0    50.0
297.48    560.4    50.0
263.00    -1741.2    50.0
295.25    -429.5    50.0
1017.23    309.4    50.0
623.14    -290.3    50.0
576.21    1117.3    50.0
4725.13    1056.4    50.0
3396.43    -337.2    50.0
2921.53    52.5    50.0
907.25    -35.5    50.0
1480.97    150.0    50.0
1399.81    638.0    50.0
1090.56    -1203.3    50.0
1765.64    -1153.4    50.0
1508.33    663.2    50.0
1838.55    -760.3    50.0
1301.65    74.5    50.0
1033.50    -58.8    50.0
2313.32    582.6    50.0
2192.39    -336.4    50.0
2775.14    1075.6    50.0
2024.24    -132.3    50.0
1775.71    459.3    50.0
1852.56    23.3    50.0
284.61    -691.9    50.0
961.39    893.0    50.0
391.67    -837.9    50.0
4097.17    484.7    50.0
1687.22    2084.7    50.0
1925.78    -820.6    50.0
747.01    -8.1    50.0
112.20    -1005.9    50.0
623.83    -248.3    50.0
1620.74    1204.5    50.0
384.18    -995.8    50.0
1369.02    1541.6    50.0
1079.07    941.3    50.0
3395.56    -16.8    50.0
2439.78    568.8    50.0
605.84    514.8    50.0
541.53    -840.0    50.0
4059.73    645.0    50.0
2973.74    -476.1    50.0
623.31    -291.0    50.0
1535.93    639.1    50.0
1837.20    1815.0    50.0
177.66    2427.3    50.0
8793.63    309.1    50.0
2422.03    -1703.4    50.0
1676.59    -645.6    50.0
1801.52    318.4    50.0
780.34    -1629.3    50.0
1339.41    175.3    50.0
1033.05    -404.5    50.0
470.21    760.2    50.0
684.51    576.7    50.0
285.09    -193.4    50.0
1077.67    -874.5    50.0
143.36    -324.5    50.0
843.29    585.4    50.0
1482.07    1232.0    50.0
1138.43    346.5    50.0
1179.20    -47.7    50.0
1389.59    -21.1    50.0
266.91    1397.2    50.0
1745.07    1456.3    50.0
1866.44    -278.4    50.0
1382.84    -2229.7    50.0
1796.10    -249.9    50.0
1507.81    122.7    50.0
859.99    -2320.5    50.0
2115.10    284.8    50.0
2258.16    562.7    50.0
2846.76    265.5    50.0
3378.78    1057.4    50.0
4490.95    -1114.0    50.0
238.43    303.7    50.0
1547.43    -2001.1    50.0
1215.70    188.1    50.0
1462.93    180.5    50.0
1844.47    1121.3    50.0
979.69    719.5    50.0
1983.76    1344.3    50.0
167.44    565.5    50.0
2157.34    642.2    50.0
578.98    -20.1    50.0
922.82    -638.1    50.0
539.36    -1207.5    50.0
931.80    -616.5    50.0
1366.14    -754.4    50.0
850.14    -940.8    50.0
819.97    -1164.8    50.0
405.00    -1346.4    50.0
458.24    -882.2    50.0
2066.57    283.5    50.0
996.10    420.5    50.0
450.12    -129.5    50.0
523.09    1237.6    50.0
377.67    -182.0    50.0
540.46    1514.4    50.0
1821.79    -1317.4    50.0
1325.65    -1240.4    50.0
49.40    -1342.0    50.0
857.18    -886.0    50.0
798.62    2524.9    50.0
1696.90    182.3    50.0
1023.28    -766.2    50.0
1438.27    57.9    50.0
440.20    -1341.0    50.0
1783.42    -351.0    50.0
1339.62    1183.1    50.0
627.12    -1808.4    50.0
1412.89    -512.4    50.0
1395.71    -591.1    50.0
501.34    -1153.7    50.0
792.76    -158.8    50.0
963.57    -296.1    50.0
362.45    -1812.3    50.0
1401.00    327.2    50.0
4273.21    -1032.9    50.0
1546.46    1247.4    50.0
922.26    1215.1    50.0
707.76    2712.8    50.0
1888.14    475.9    50.0
1500.58    -650.1    50.0
622.92    844.9    50.0
3001.92    -120.5    50.0
335.54    -600.6    50.0
291.92    -1268.8    50.0
1629.54    -1431.8    50.0
887.20    775.2    50.0
2705.74    468.1    50.0
4604.25    -736.8    50.0
933.32    -1432.9    50.0
624.32    326.8    50.0
775.43    880.0    50.0
1289.30    177.3    50.0
1028.64    657.2    50.0
2758.64    222.7    50.0
1973.20    1337.8    50.0
827.39    479.6    50.0
2977.73    -164.7    50.0
386.86    1400.9    50.0
66.88    300.7    50.0
1834.01    -195.8    50.0
1621.04    -966.5    50.0
1032.40    -1185.2    50.0
4891.60    -913.6    50.0
2775.47    -117.7    50.0
1479.95    -1003.3    50.0
1739.18    -939.1    50.0
310.20    2419.2    50.0
762.44    -229.1    50.0
2079.27    687.6    50.0
2808.01    1162.5    50.0
2683.73    -860.8    50.0
2835.78    -186.7    50.0
1007.79    1805.2    50.0
123.03    1692.4    50.0
150.83    -629.7    50.0
2768.88    1024.2    50.0
977.88    -1243.6    50.0
1259.73    -238.9    50.0
5042.40    -847.1    50.0
580.33    1022.0    50.0
2633.18    55.4    50.0
1016.53    630.4    50.0
737.38    -426.4    50.0
1744.98    -476.4    50.0
5161.19    506.9    50.0
277.93    -1852.8    50.0
1747.50    -869.5    50.0
1686.68    1459.2    50.0
500.63    809.1    50.0
1215.98    17.6    50.0
3869.80    877.7    50.0
1613.29    537.6    50.0
6534.05    27.1    50.0
360.29    561.8    50.0
744.62    1020.9    50.0
4454.70    -6.7    50.0
405.94    -1156.6    50.0
254.70    -696.9    50.0
2064.16    37.3    50.0
1014.83    -1981.5    50.0
2163.08    -820.5    50.0
132.47    903.4    50.0
1796.59    1854.0    50.0
511.38    -876.9    50.0
1442.85    -24.9    50.0
5583.93    -683.8    50.0
1717.36    -1050.6    50.0
1253.72    -133.2    50.0
1429.14    281.2    50.0
419.24    -425.1    50.0
1269.07    1236.8    50.0
106.03    213.1    50.0
266.95    -1833.0    50.0
618.07    -1372.7    50.0
276.55    1310.7    50.0
2017.02    919.9    50.0
2663.24    -265.2    50.0
1115.39    741.6    50.0
444.09    -788.3    50.0
384.11    -1093.7    50.0
341.07    -632.4    50.0
757.49    983.0    50.0
1320.05    -1241.2    50.0
1715.22    -370.3    50.0
1824.00    -1741.1    50.0
2561.09    1041.4    50.0
2355.65    -13.6    50.0
1244.45    229.8    50.0
350.88    1596.4    50.0
2608.63    -548.4    50.0
1295.10    372.6    50.0
1260.07    -404.1    50.0
905.85    -62.1    50.0
24.29    621.6    50.0
1998.20    375.9    50.0
144.40    -539.4    50.0
2224.66    1442.4    50.0
2255.93    661.9    50.0
907.88    -547.9    50.0
2351.56    1174.0    50.0
585.16    1395.5    50.0
2020.02    -200.8    50.0
414.25    1471.0    50.0
2292.65    594.4    50.0
2084.49    11.9    50.0
531.09    60.6    50.0
926.51    -1701.0    50.0
2291.84    138.6    50.0
2305.18    -378.7    50.0
1292.58    1021.2    50.0
2360.19    -542.8    50.0
3014.13    -1091.5    50.0
2596.39    -243.0    50.0
1136.20    -755.0    50.0
48.12    -1366.4    50.0
1431.49    1238.9    50.0
574.06    94.5    50.0
407.19    876.7    50.0
1236.31    20.8    50.0
408.85    -2850.2    50.0
2234.90    1241.7    50.0
1824.35    -499.9    50.0
1546.23    145.1    50.0
294.14    -2457.6    50.0
4556.93    663.3    50.0
1384.81    -1396.1    50.0
1763.22    739.9    50.0
1047.13    -616.6    50.0
1107.26    1892.7    50.0
3003.20    321.9    50.0
1724.80    460.0    50.0
1301.67    -430.3    50.0
1352.43    782.5    50.0
293.95    -534.3    50.0
1614.42    -481.9    50.0
802.65    -428.4    50.0
518.56    955.9    50.0
675.21    -1781.7    50.0
2759.67    -339.1    50.0
1091.24    115.3    50.0
448.34    1899.5    50.0
1881.52    503.9    50.0
1081.61    -638.9    50.0
2124.60    -1002.1    50.0
426.67    -807.3    50.0
2365.22    198.0    50.0
3583.14    -1131.0    50.0
3287.48    -837.4    50.0
612.84    -927.2    50.0
2077.89    -64.2    50.0
3064.42    -39.3    50.0
1795.64    574.9    50.0
1806.38    -1831.6    50.0
712.93    -1473.8    50.0
1729.24    1027.3    50.0
337.68    1049.3    50.0
77.21    764.9    50.0
1018.32    -1208.4    50.0
2246.67    -1457.3    50.0
872.30    607.4    50.0
1454.90    542.5    50.0
548.86    -1020.5    50.0
3410.69    -734.1    50.0
2329.16    396.9    50.0
1081.30    1472.2    50.0
1833.20    -132.4    50.0
1962.80    -92.0    50.0
1062.34    -633.3    50.0
1991.60    -1120.0    50.0
678.35    -668.6    50.0
2910.99    -237.8    50.0
1154.76    -796.3    50.0
2721.71    189.7    50.0
2656.43    538.9    50.0
1566.15    1514.7    50.0
1220.35    -1798.2    50.0
1166.51    -305.1    50.0
303.44    2262.4    50.0
1418.01    -1427.2    50.0
124.06    116.2    50.0
3233.71    -517.6    50.0
126.73    19.6    50.0
835.19    -655.0    50.0
2029.22    -31.7    50.0
1488.40    -1524.3    50.0
1464.71    -874.6    50.0
322.50    1400.4    50.0
1150.40    524.4    50.0
491.22    -1017.0    50.0
564.32    -1871.4    50.0
754.36    -488.5    50.0
838.57    -1001.7    50.0
1274.75    -874.6    50.0
1363.44    1118.2    50.0
1083.66    -942.7    50.0
2444.19    -789.1    50.0
619.02    1318.2    50.0
565.71    -342.5    50.0
5260.39    -485.2    50.0
594.73    -235.8    50.0
2924.49    -603.7    50.0
722.70    1486.1    50.0
677.05    927.3    50.0
1417.73    -68.8    50.0
2157.08    -57.4    50.0
527.34    590.5    50.0
984.95    799.0    50.0
4771.13    488.5    50.0
4336.76    300.4    50.0
1930.82    696.0    50.0
1160.65    -738.1    50.0
176.18    -379.0    50.0
5158.25    39.0    50.0
1419.94    605.2    50.0
1027.46    -1623.8    50.0
2692.55    578.8    50.0
292.23    -1469.3    50.0
2700.57    538.1    50.0
736.49    258.3    50.0
958.60    1761.0    50.0
363.53    -514.3    50.0
260.90    -490.4    50.0
911.56    915.9    50.0
2259.86    -1971.1    50.0
4721.48    -347.9    50.0
1132.90    329.2    50.0
1174.39    -195.5    50.0
1680.51    1032.6    50.0
1231.48    -284.0    50.0
1021.22    -545.6    50.0
688.75    -703.8    50.0
1303.87    -431.5    50.0
1225.12    193.5    50.0
1296.35    -184.2    50.0
187.78    116.2    50.0
3841.12    -330.3    50.0
280.25    911.4    50.0
715.34    -578.5    50.0
1168.61    1147.2    50.0
653.05    -319.3    50.0
1589.41    244.7    50.0
656.62    718.5    50.0
1973.82    660.2    50.0
1904.66    -1235.8    50.0
1060.98    -87.9    50.0
2031.29    -613.4    50.0
719.21    -535.9    50.0
1769.25    -296.8    50.0
833.91    -787.2    50.0
1591.34    197.6    50.0
377.39    -701.2    50.0
1710.29    827.4    50.0
1573.39    -71.0    50.0
516.00    375.1    50.0
2285.55    -211.5    50.0
1326.28    341.2    50.0
918.50    218.6    50.0
533.84    -80.7    50.0
2298.34    190.1    50.0
1621.47    239.4    50.0
2611.66    -104.8    50.0
448.63    592.8    50.0
1362.39    149.6    50.0
2421.68    151.4    50.0
284.70    -145.4    50.0
1446.47    182.8    50.0
948.61    2240.5    50.0
2068.14    1426.2    50.0
1911.60    -1377.2    50.0
749.41    -1106.8    50.0
1321.49    361.5    50.0
163.21    71.1    50.0
3485.17    -627.8    50.0
3169.36    374.6    50.0
1605.51    -1913.1    50.0
2052.97    -1486.6    50.0
4612.45    -579.9    50.0
3117.29    -1363.9    50.0
1255.88    657.5    50.0
1039.76    -462.5    50.0
61.62    -1292.6    50.0
1676.00    -2170.9    50.0
1268.50    638.8    50.0
371.27    604.9    50.0
849.33    448.3    50.0
1101.62    16.6    50.0
821.78    -10.5    50.0
526.82    551.2    50.0
5216.13    901.5    50.0
4782.21    604.8    50.0
2269.96    612.7    50.0
558.86    -976.6    50.0
1965.29    703.3    50.0
695.99    683.4    50.0
3436.36    -896.9    50.0
342.47    1165.0    50.0
565.07    -610.2    50.0
2539.11    242.0    50.0
223.44    1143.9    50.0
2797.46    1183.5    50.0
1090.71    881.1    50.0
196.14    -548.9    50.0
1510.75    -652.9    50.0
1326.39    503.4    50.0
1531.44    603.0    50.0
1501.40    -39.3    50.0
2281.32    1022.6    50.0
1986.47    1386.3    50.0
393.15    -470.1    50.0
3661.76    -1038.0    50.0
2354.70    301.4    50.0
979.15    -891.2    50.0
637.61    -1327.9    50.0
1503.66    -90.3    50.0
918.06    -154.0    50.0
1987.29    -55.8    50.0
534.34    -353.6    50.0
625.99    -1419.9    50.0
811.95    -198.5    50.0
1928.76    39.6    50.0
296.67    966.3    50.0
1280.21    261.3    50.0
756.57    -1272.0    50.0
1795.47    1025.2    50.0
87.60    289.4    50.0
2582.68    -1236.3    50.0
1699.11    -1047.1    50.0
169.95    412.4    50.0
268.36    616.5    50.0
2050.70    -89.2    50.0
1435.22    -1632.6    50.0
411.47    -890.0    50.0
207.41    -397.2    50.0
700.68    -575.2    50.0
1629.46    -391.4    50.0
1018.55    -894.6    50.0
1283.54    -30.7    50.0
481.58    -1135.0    50.0
308.84    -41.6    50.0
399.53    1319.2    50.0
1143.89    1103.7    50.0
1661.61    -1381.2    50.0
1383.31    -1162.5    50.0
2022.95    -1388.0    50.0
876.83    -611.5    50.0
3949.19    1303.7    50.0
673.91    204.9    50.0
855.65    962.1    50.0
2699.36    -547.6    50.0
59.36    63.5    50.0
2210.13    594.4    50.0
1720.42    -860.3    50.0
572.75    1135.5    50.0
417.13    -1213.1    50.0
420.48    1579.7    50.0
884.19    -75.9    50.0
337.80    67.9    50.0
279.99    1955.3    50.0
2178.63    1242.3    50.0
1670.87    627.4    50.0
1969.30    669.2    50.0
2039.91    571.6    50.0
277.13    -398.6    50.0
388.44    -447.9    50.0
607.27    558.4    50.0
462.33    -1696.9    50.0
997.70    120.8    50.0
1879.61    -18.5    50.0
2824.17    -1642.2    50.0
2207.43    -1066.5    50.0
1112.59    -621.9    50.0
687.38    647.3    50.0
897.61    609.6    50.0
1553.52    444.4    50.0
2553.93    1566.7    50.0
2503.85    282.7    50.0
265.71    746.3    50.0
966.42    949.7    50.0
330.67    75.2    50.0
2701.30    -818.4    50.0
731.31    767.8    50.0
3263.36    -796.3    50.0
449.97    -1206.0    50.0
1681.10    376.6    50.0
1782.73    -232.3    50.0
1033.14    177.6    50.0
1509.51    613.6    50.0
258.59    -1463.7    50.0
1725.23    -506.9    50.0
2191.79    372.8    50.0
874.49    925.9    50.0
1429.38    -605.1    50.0
3337.45    513.6    50.0
728.62    1538.9    50.0
943.38    328.3    50.0
1407.58    1304.8    50.0
3481.86    502.3    50.0
2803.61    -1852.8    50.0
424.03    626.1    50.0
2035.73    -491.7    50.0
694.69    672.7    50.0
480.58    -696.4    50.0
1289.01    -1037.7    50.0
143.51    2373.5    50.0
1172.94    -285.4    50.0
2276.13    857.4    50.0
827.44    -1199.7    50.0
2939.48    -320.9    50.0
330.13    2548.3    50.0
3732.39    661.6    50.0
334.16    -674.2    50.0
1061.59    -2001.3    50.0
2707.37    -315.5    50.0
1098.13    -381.4    50.0
636.01    -1049.3    50.0
748.55    -1343.8    50.0
1269.63    292.9    50.0
2103.29    -226.6    50.0
924.65    2256.8    50.0
4910.47    -128.1    50.0
1101.91    -582.5    50.0
1060.48    1343.3    50.0
2256.30    -116.2    50.0
319.68    -846.4    50.0
916.46    -124.9    50.0
1092.75    -718.2    50.0
785.90    855.1    50.0
1620.10    -69.4    50.0
3628.33    -693.5    50.0
1367.01    1218.1    50.0
426.88    -75.8    50.0
1503.48    -729.0    50.0
2935.20    240.7    50.0
1429.23    -332.8    50.0
2253.14    -406.5    50.0
846.88    396.8    50.0
1339.22    641.6    50.0
994.06    1714.7    50.0
2867.87    -485.1    50.0
371.50    -412.2    50.0
2279.97    -1024.7    50.0
2351.82    272.7    50.0
1640.21    -853.3    50.0
594.15    -90.6    50.0
2960.69    -716.4    50.0
1976.73    1446.8    50.0
3689.46    180.0    50.0
1158.72    -542.4    50.0
1371.95    75.3    50.0
2145.16    970.7    50.0
257.39    1276.0    50.0
2301.14    -376.8    50.0
2020.22    -1536.3    50.0
1391.27    1732.6    50.0
3041.07    -804.6    50.0
1711.39    -265.9    50.0
1475.84    -995.7    50.0
1217.77    809.5    50.0
394.12    -1150.7    50.0
1915.81    398.6    50.0
464.69    1306.4    50.0
371.25    261.9    50.0
351.01    1372.1    50.0
680.98    -940.0    50.0
1338.49    1324.0    50.0
1786.72    -157.4    50.0
2848.44    -1210.5    50.0
163.16    519.6    50.0
1715.05    768.1    50.0
346.12    -720.9    50.0
3171.81    -988.6    50.0
1425.95    -68.2    50.0
2710.36    65.9    50.0
2240.95    -351.3    50.0
1983.79    0.7    50.0
2020.71    -294.8    50.0
1134.40    -298.3    50.0
2996.35    373.8    50.0
1357.11    -92.8    50.0
1193.64    382.9    50.0
1451.40    -557.9    50.0
5055.45    -160.5    50.0
1786.05    -232.4    50.0
285.60    625.0    50.0
1008.53    159.0    50.0
3308.97    140.9    50.0
2641.68    -312.6    50.0
2202.78    701.7    50.0
1184.18    419.4    50.0
2945.03    -218.8    50.0
4322.81    821.2    50.0
2369.77    -34.8    50.0
504.25    -218.8    50.0
739.44    1623.2    50.0
1337.99    1637.7    50.0
2044.23    422.1    50.0
3390.33    -751.1    50.0
3643.61    -397.9    50.0
890.32    1120.3    50.0
2380.21    609.1    50.0
1350.73    -412.7    50.0
4130.26    -707.1    50.0
2951.12    -215.1    50.0
880.19    -1468.4    50.0
1181.43    581.3    50.0
32.04    -1338.6    50.0
638.11    1155.1    50.0
